<?xml version="1.0"?>
<opencv_storage>
<camera_matrix type_id="opencv-matrix">
  <rows>3</rows>
  <cols>3</cols>
  <dt>d</dt>
  <data>
    4.8486160642438711e+02 0. 3.3169114563515552e+02 0.
    4.8635288533453365e+02 2.2144839834826743e+02 0. 0. 1.</data></camera_matrix>
<distortion_coefficients type_id="opencv-matrix">
  <rows>1</rows>
  <cols>5</cols>
  <dt>d</dt>
  <data>
    -3.2183815014642325e-01 4.7706670546323444e-02
    1.2265385046100873e-03 -6.3899565326542901e-04
    8.5938319488224321e-02</data></distortion_coefficients>
<rotation_vectors type_id="opencv-matrix">
  <rows>3</rows>
  <cols>1</cols>
  <dt>d</dt>
  <data>
    1.5342111920616499e+00 2.4109874315735885e-02
    -2.6208296548183206e-02</data></rotation_vectors>
<translation_vectors type_id="opencv-matrix">
  <rows>3</rows>
  <cols>1</cols>
  <dt>d</dt>
  <data>
    -2.8793915287816964e+02 1.5181110989847809e+03
    3.0521516951094914e+03</data></translation_vectors>
</opencv_storage>
