<?xml version="1.0"?>
<opencv_storage>
<camera_matrix type_id="opencv-matrix">
  <rows>3</rows>
  <cols>3</cols>
  <dt>d</dt>
  <data>
    4.8452081847086311e+02 0. 3.1539239273181835e+02 0.
    4.8261964345640160e+02 2.2889477142426753e+02 0. 0. 1.</data></camera_matrix>
<distortion_coefficients type_id="opencv-matrix">
  <rows>1</rows>
  <cols>5</cols>
  <dt>d</dt>
  <data>
    -3.6574807963733535e-01 1.8783658451425436e-01
    2.6487052971937383e-03 1.5221604023237579e-03
    -6.6094579530853043e-02</data></distortion_coefficients>
<rotation_vectors type_id="opencv-matrix">
  <rows>3</rows>
  <cols>1</cols>
  <dt>d</dt>
  <data>
    1.1011653944699344e+00 -1.4050239390151229e+00
    1.3376041213491887e+00</data></rotation_vectors>
<translation_vectors type_id="opencv-matrix">
  <rows>3</rows>
  <cols>1</cols>
  <dt>d</dt>
  <data>
    -1.2501790695352575e+02 1.2422113386061744e+03
    2.5162741971595528e+03</data></translation_vectors>
</opencv_storage>
