<?xml version="1.0"?>
<opencv_storage>
<camera_matrix type_id="opencv-matrix">
  <rows>3</rows>
  <cols>3</cols>
  <dt>d</dt>
  <data>
    4.9228392887131656e+02 0. 3.4109828141764081e+02 0.
    4.9468543400380298e+02 2.2508391033675647e+02 0. 0. 1.</data></camera_matrix>
<distortion_coefficients type_id="opencv-matrix">
  <rows>1</rows>
  <cols>5</cols>
  <dt>d</dt>
  <data>
    -3.9005684006792707e-01 2.5263599682085730e-01
    8.2682666156790442e-04 -1.7195940010394882e-03
    -1.0728103411865714e-01</data></distortion_coefficients>
<rotation_vectors type_id="opencv-matrix">
  <rows>3</rows>
  <cols>1</cols>
  <dt>d</dt>
  <data>
    1.6302850658849688e+00 6.4287783570568291e-01
    -5.4591079341742021e-01</data></rotation_vectors>
<translation_vectors type_id="opencv-matrix">
  <rows>3</rows>
  <cols>1</cols>
  <dt>d</dt>
  <data>
    -2.3696610463265029e+02 7.9082713947017339e+02
    4.2334243118659888e+03</data></translation_vectors>
</opencv_storage>
